		op		B		D		E		type		L		relop		Elist2		P		S		S'		T		Elist		S1		S2

0		18				12				5		13						14		15				16				10		11		

1																																

2																																

3																																

4																																

5																																

6		50																														

7																																

8																																

9																																

10																																

11																																

12		51				42				5		43								45				16				40		41		

13																																

14																																

15		18										13								46								10		11		

16												44																				

17																																

18																																

19																																

20																																

21																																

22																																

23																																

24																																

25																																

26		108																														

27		50																														

28																																

29																																

30																																

31																																

32																																

33				90				93				100																				

34										5														105		62						

35				91				93				100																				

36																																

37								94				101																				

38								95				102																				

39								96				102																				

40																																

41																																

42		51				42				5		43								45				16				40		41		

43																																

44																																

45		51										43								104								40		41		

46		18										13								46								10		11		

47								97				103																				

48								98				103																				

49																																

50																																

51																																

52																																

53				92				99				100																				

54																																

55																																

56																																

57																																

58		108																														

59																																

60																																

61																																

62																																

63				149				93				100																				

64				150				99				100																				

65																																

66																																

67																																

68																																

69				151				93				100																				

70						154				5														16								

71																170																

72				152				93				100																				

73								155				101																				

74								156				101																				

75								157				101																				

76								158				101																				

77								159				100																				

78								160				101																				

79								161				102																				

80								162				103																				

81																																

82																																

83																																

84																																

85																																

86																																

87								163				102																				

88								164				102																				

89								165				102																				

90																																

91																																

92																																

93														168																		

94																																

95																																

96																																

97																																

98																																

99														169																		

100																																

101																																

102																																

103																																

104		51										43								104								40		41		

105																																

106								166				103																				

107								167				103																				

108																																

109																																

110																																

111																																

112																																

113																																

114																																

115				153				99				100																				

116																																

117				220				93				100																				

118				221				99				100																				

119																																

120																																

121																																

122																																

123																																

124																																

125																247																

126																																

127																																

128																																

129																																

130																																

131								225				100																				

132								226				101																				

133								227				102																				

134								228				103																				

135								229				100																				

136								230				101																				

137								231				102																				

138								232				103																				

139																																

140																																

141																																

142																																

143																																

144																																

145																																

146																																

147				222				93				100																				

148				223				99				100																				

149																																

150																																

151																																

152																																

153																																

154		51				224				5		43								45				249				40		41		

155																																

156																																

157																																

158																																

159																																

160																																

161																																

162																																

163																																

164																																

165																																

166																																

167																																

168								233				244																				

169								234				245																				

170																																

171												44																				

172								235				103																				

173								236				103																				

174								237				103																				

175								238				103																				

176								239				103																				

177								240				103																				

178								241				103																				

179								242				103																				

180																																

181																																

182																																

183																																

184																																

185																																

186																																

187																																

188																																

189		108																														

190																																

191																																

192																																

193																																

194																																

195																																

196																																

197										5														105		62						

198																																

199								305				101																				

200								306				101																				

201								94				101																				

202																																

203																																

204																																

205																																

206																																

207																																

208																																

209																313																

210										5														105		276						

211								308				244																				

212								309				245																				

213																																

214																																

215																																

216																																

217																																

218																																

219																																

220																																

221																																

222																																

223																																

224		334				303				5		310								317				249				299		301		

225																																

226																																

227																																

228																																

229																																

230																																

231																																

232																																

233																																

234																																

235																																

236																																

237																																

238																																

239																																

240																																

241																																

242																																

243																																

244																																

245																																

246																																

247																																

248		51										43								104								40		41		

249												311																				

250																																

251																																

252																																

253																																

254																																

255																																

256																																

257		335				304				5		312						314		319				320				300		302		

258		335				304				5		312						315		319				320				300		302		

259		335				304				5		312						316		319				320				300		302		

260																																

261																																

262																																

263																																

264																																

265																																

266																																

267																																

268																																

269		418																														

270		108																														

271																																

272																																

273																																

274		419																														

275																																

276																																

277																																

278																																

279																																

280				151				93				100																				

281		334				393				5		310						411		414				249				299		301		

282						154				5														16								

283										5														105		357						

284				152				93				100																				

285																																

286								396				101																				

287																																

288																																

289								397				244																				

290								398				245																				

291								399				244																				

292								400				245																				

293																																

294																																

295																																

296								163				102																				

297								164				102																				

298								165				102																				

299																																

300																																

301																																

302																																

303		334				303				5		310								317				249				299		301		

304		421				395				5		409								415				320				387		389		

305																																

306																																

307																																

308																																

309																																

310																																

311																																

312																																

313																																

314																																

315																																

316																																

317		334										310								416								299		301		

318		51										43								104								40		41		

319		335										312								417								300		302		

320												410																				

321								404				103																				

322								405				103																				

323								406				103																				

324								407				103																				

325																																

326																																

327																																

328																																

329																																

330																																

331																																

332																																

333																																

334																																

335																																

336																																

337																																

338																																

339				153				99				100																				

340		335				304				5		312						412		319				320				300		302		

341		335				304				5		312						413		319				320				300		302		

342																																

343																																

344																																

345																																

346																																

347		418																														

348																																

349		490																														

350		418																														

351		419																														

352																																

353																																

354																																

355																																

356																																

357																																

358																																

359																																

360				467				93				100																				

361				468				93				100																				

362		334				393				5		310						482		414				249				299		301		

363						473				5														16								

364																247																

365										5														105		437						

366				469				93				100																				

367				470				93				100																				

368																																

369								475				101																				

370																																

371																																

372																																

373																																

374																																

375																																

376																																

377																																

378																																

379																																

380																																

381								476				102																				

382								477				102																				

383								478				102																				

384								479				102																				

385								480				102																				

386																																

387																																

388																																

389																																

390																																

391																																

392																																

393		334				303				5		310								317				249				299		301		

394		51				224				5		43								45				249				40		41		

395		421				395				5		409								415				320				387		389		

396																																

397																																

398																																

399																																

400																																

401																																

402																																

403																																

404																																

405																																

406																																

407																																

408																																

409																																

410																																

411																																

412																																

413																																

414		334										310								416								299		301		

415		421										409								484								387		389		

416		334										310								416								299		301		

417		335										312								417								300		302		

418																																

419																																

420																																

421																																

422																																

423																																

424				471				99				100																				

425				472				99				100																				

426																																

427																																

428																																

429																																

430																																

431		418																														

432		490																														

433																																

434																																

435																																

436																																

437																																

438				467				93				100																				

439				523				93				100																				

440						528				5														16								

441																535																

442																536																

443				469				93				100																				

444				525				93				100																				

445																																

446																																

447																																

448																																

449																																

450																																

451																																

452																																

453																																

454																																

455																																

456																																

457																																

458																																

459																																

460																																

461																																

462								476				102																				

463								531				102																				

464								532				102																				

465								479				102																				

466								534				102																				

467																																

468																																

469																																

470																																

471																																

472																																

473		51				529				5		43								45				249				40		41		

474		334				303				5		310								317				249				299		301		

475																																

476																																

477																																

478																																

479																																

480																																

481																																

482																																

483		334										310								416								299		301		

484		421										409								484								387		389		

485																																

486																																

487																																

488																																

489																																

490																																

491				471				99				100																				

492				527				99				100																				

493		335				304				5		312						314		319				320				300		302		

494																																

495																																

496																																

497																																

498																																

499																535																

500																565																

501																																

502																																

503																																

504																																

505																																

506																																

507																																

508																																

509																																

510																																

511																																

512																																

513																																

514																																

515																																

516																																

517																																

518																																

519																																

520																																

521																																

522																																

523																																

524																																

525																																

526																																

527																																

528		51				563				5		43								45				249				40		41		

529		334				303				5		310								317				249				299		301		

530																																

531																																

532																																

533																																

534																																

535																																

536																																

537																																

538		335				304				5		312						566		319				320				300		302		

539		335				304				5		312						567		319				320				300		302		

540		335				304				5		312						412		319				320				300		302		

541		335				304				5		312						413		319				320				300		302		

542																																

543																																

544																																

545																																

546		334				393				5		310						482		414				249				299		301		

547																																

548																																

549																																

550																																

551																																

552																																

553																																

554																																

555																																

556																																

557																																

558																																

559																																

560																																

561																																

562																																

563		334				303				5		310								317				249				299		301		

564																																

565																																

566																																

567																																

568																																

569																																

570		335				304				5		312						590		319				320				300		302		

571		335				304				5		312						591		319				320				300		302		

572		335				304				5		312						592		319				320				300		302		

573		335				304				5		312						593		319				320				300		302		

574		335				304				5		312						594		319				320				300		302		

575		335				304				5		312						595		319				320				300		302		

576																																

577																																

578																																

579																																

580																																

581		334				393				5		310						611		414				249				299		301		

582		334				393				5		310						612		414				249				299		301		

583																																

584																																

585																																

586																																

587																																

588																																

589																																

590																																

591																																

592																																

593																																

594																																

595																																

596		335				304				5		312						592		319				320				300		302		

597		335				304				5		312						614		319				320				300		302		

598		335				304				5		312						594		319				320				300		302		

599		335				304				5		312						616		319				320				300		302		

600																																

601																																

602																																

603																																

604																																

605		334				393				5		310						611		414				249				299		301		

606		334				393				5		310						628		414				249				299		301		

607																																

608																																

609																																

610																																

611																																

612																																

613																																

614																																

615																																

616																																

617																																

618																																

619																																

620																																

621																																

622																																

623																																

624																																

625																																

626																																

627																																

628																																

629		335				304				5		312						590		319				320				300		302		

630																																

631																																

632																																

633																																

634																																

635																																

636																																

637																																

638																																

639		335				304				5		312						641		319				320				300		302		

640		335				304				5		312						642		319				320				300		302		

641																																

642																																

643		335				304				5		312						641		319				320				300		302		

644		335				304				5		312						647		319				320				300		302		

645																																

646																																

647																																

648																																

649																																

650																																

651																																

